YEAR	TEMP
1900	2.7353
1901	2.85845
1902	2.78148
1903	2.85732
1904	2.82464
1905	2.87543
1906	2.74146
1907	2.74661
1908	2.81255
1909	2.76473
1910	2.85818
1911	2.89003
1912	2.86224
1913	2.82326
1914	2.82153
1915	2.91079
1916	2.92561
1917	2.90388
1918	2.89206
1919	2.90792
1920	2.87847
1921	2.86835
1922	2.81541
1923	2.83687
1924	2.90446
1925	2.8199
1926	2.78219
1927	2.74534
1928	2.97258
1929	2.91769
1930	2.90285
1931	2.99702
1932	2.97791
1933	2.91827
1934	2.76383
1935	2.89499
1936	2.73963
1937	2.73783
1938	2.75365
1939	2.80244
1940	2.73591
1941	2.84812
1942	2.93456
1943	3.24831
1944	3.33566
1945	3.11748
1946	2.86256
1947	2.73405
1948	2.94913
1949	3.00106
1950	3.33849
1951	3.18698
1952	3.00514
1953	3.07427
1954	3.14819
1955	3.23739
1956	3.26165
1957	3.20792
1958	3.25895
1959	3.26084
1960	3.21634
1961	3.29815
1962	3.29712
1963	3.34537
1964	3.4277
1965	3.52849
1966	3.66746
1967	3.30193
1968	3.3442
1969	3.3933
1970	3.43423
1971	3.21508
1972	3.26765
1973	3.20631
1974	3.21195
1975	3.16047
1976	3.22864
1977	3.28269
1978	3.41057
1979	3.40809
1980	3.68676
1981	3.59933
1982	3.56377
1983	3.69433
1984	3.62254
1985	3.53624
1986	3.55944
1987	3.71193
1988	3.48732
1989	3.50085
1990	3.40876
1991	3.35276
1992	3.50698
1993	3.48997
1994	3.5288
1995	3.51134
1996	3.58225
1997	3.76028
1998	3.79913
1999	3.76333
2000	3.75114
2001	3.83873
2002	3.7647
2003	3.76297
2004	3.9224
2005	3.78402
2006	4.01477
2007	3.89152
2008	3.99627
2009	3.78236
2010	3.75717
2011	3.77817
2012	3.75757
2013	3.86149
2014	3.81942
2015	4.17442
2016	4.05367
2017	4.09698